models: 76 ok, 0 failed
1-minute load before each model: min 0.92 median 1.05 max 2.88

== vector-path models (46)
  aa    geomean 0.9997  [0.9939, 1.0041]   median 1.0001  min 0.975  max 1.011  >1.02: 0  <0.98: 1
  off   geomean 0.9957  [0.9875, 1.0046]   median 0.9980  min 0.946  max 1.031  >1.02: 1  <0.98: 5
  self  geomean 1.1812  [1.1220, 1.2537]   median 1.0774  min 0.968  max 1.713  >1.02: 25  <0.98: 4
  mvec  geomean 1.3295  [1.2170, 1.4671]   median 1.0557  min 0.974  max 2.160  >1.02: 25  <0.98: 3
  pm    geomean 0.9990  [0.9929, 1.0060]   median 0.9999  min 0.950  max 1.024  >1.02: 1  <0.98: 2
  model                                 base ns aa              off             self            mvec            pm             
  2pl_latent_reg_irt                     145098 0.996 (0.011)   1.018 (0.007)   1.713 (0.063)   2.128 (0.069)   1.004 (0.005)  
  hier_2pl                               438913 0.999 (0.003)   0.993 (0.005)   1.692 (0.010)   2.074 (0.028)   1.006 (0.005)  
  wells_dist                              51110 0.995 (0.014)   0.991 (0.009)   1.644 (0.015)   2.135 (0.023)   0.979 (0.015)  
  irt_2pl                                 32410 1.003 (0.004)   0.994 (0.005)   1.551 (0.001)   2.049 (0.002)   1.003 (0.006)  
  nes_logit_model                         13661 1.000 (0.001)   0.997 (0.002)   1.502 (0.003)   2.160 (0.002)   0.999 (0.002)  
  lsat_model                              73652 1.000 (0.002)   0.996 (0.001)   1.484 (0.002)   1.984 (0.008)   0.998 (0.001)  
  wells_dist100_model                     34995 1.000 (0.002)   1.001 (0.005)   1.482 (0.012)   2.138 (0.004)   0.999 (0.002)  
  wells_dist100ars_model                  35687 1.000 (0.001)   1.000 (0.001)   1.465 (0.005)   2.090 (0.003)   1.001 (0.001)  
  wells_dae_model                         36760 1.000 (0.001)   1.000 (0.002)   1.453 (0.006)   2.073 (0.004)   0.999 (0.001)  
  wells_dae_c_model                       36799 1.000 (0.002)   1.000 (0.000)   1.452 (0.006)   2.067 (0.005)   1.000 (0.001)  
  sw_bernoulli                              634 1.000 (0.000)   0.981 (0.001)   1.452 (0.001)   1.970 (0.001)   1.000 (0.000)  
  wells_interaction_c_model               36743 0.999 (0.004)   0.998 (0.003)   1.452 (0.011)   2.074 (0.010)   0.998 (0.002)  
  wells_interaction_model                 36737 1.000 (0.010)   1.000 (0.001)   1.448 (0.009)   2.024 (0.004)   1.000 (0.000)  
  wells_daae_c_model                      37831 1.001 (0.002)   1.001 (0.003)   1.428 (0.001)   1.990 (0.016)   1.000 (0.001)  
  wells_dae_inter_model                   38245 1.000 (0.003)   1.000 (0.002)   1.428 (0.002)   1.991 (0.003)   1.000 (0.002)  
  dogs                                    12409 1.009 (0.012)   1.003 (0.043)   1.403 (0.104)   1.806 (0.075)   1.007 (0.009)  
  election88_full                        464796 1.005 (0.004)   0.969 (0.016)   1.287 (0.068)   1.392 (0.007)   0.950 (0.056)  
  sw_re_bern                               1286 1.000 (0.007)   0.984 (0.003)   1.281 (0.002)   1.383 (0.003)   1.002 (0.006)  
  Mth_model                               41070 1.007 (0.016)   0.986 (0.025)   1.273 (0.021)   1.472 (0.017)   1.008 (0.016)  
  Mtbh_model                              20741 0.989 (0.032)   0.993 (0.026)   1.212 (0.032)   1.361 (0.040)   0.990 (0.017)  
  sw_student                                699 1.001 (0.002)   1.015 (0.003)   1.141 (0.002)   1.218 (0.002)   1.001 (0.001)  
  logistic_regression_rhs                 59903 0.999 (0.025)   0.996 (0.010)   1.119 (0.009)   1.134 (0.013)   1.024 (0.007)  
  aalto_lin_std_t                           265 1.003 (0.003)   0.946 (0.003)   1.104 (0.008)   1.076 (0.004)   1.000 (0.017)  
  sw_acat                                 86691 0.998 (0.004)   1.031 (0.011)   1.051 (0.036)   1.036 (0.010)   1.001 (0.025)  
  sw_acat_cs                             101704 0.994 (0.005)   1.016 (0.003)   1.025 (0.009)   1.021 (0.004)   1.002 (0.026)  
  sw_cumulative_cs                        68847 1.011 (0.016)   1.000 (0.008)   1.019 (0.018)   0.999 (0.014)   1.007 (0.011)  
  i320_sratio_cs                         106047 1.001 (0.008)   1.012 (0.015)   1.001 (0.010)   0.996 (0.009)   1.001 (0.010)  
  sw_re_slope                              1931 1.002 (0.006)   1.009 (0.006)   1.001 (0.012)   0.995 (0.016)   0.995 (0.005)  
  sw_cratio_cs                           104298 0.998 (0.021)   1.001 (0.056)   0.999 (0.069)   1.003 (0.049)   0.996 (0.005)  
  sw_sratio                               79882 0.999 (0.002)   1.004 (0.045)   0.999 (0.003)   1.007 (0.033)   0.998 (0.003)  
  s2_cumulative_probit                     4510 1.000 (0.002)   0.999 (0.001)   0.998 (0.003)   0.997 (0.003)   0.998 (0.001)  
  sw_cratio                               79470 0.998 (0.005)   1.000 (0.003)   0.998 (0.007)   1.001 (0.009)   1.000 (0.007)  
  gpcm_latent_reg_irt                    143930 1.002 (0.002)   0.996 (0.167)   0.996 (0.135)   1.004 (0.056)   1.003 (0.090)  
  state_space_stochastic_level_stochastic_seasonal       8921 0.997 (0.006)   1.005 (0.003)   0.996 (0.005)   0.998 (0.003)   0.994 (0.009)  
  s2_mv_shared_re                          2334 0.999 (0.010)   0.999 (0.009)   0.993 (0.006)   0.994 (0.005)   1.002 (0.007)  
  s2_cumulative_cloglog                    1691 0.999 (0.003)   1.001 (0.002)   0.992 (0.005)   0.993 (0.002)   1.001 (0.003)  
  s2_gr_by                                  928 1.000 (0.002)   0.991 (0.010)   0.992 (0.003)   0.987 (0.006)   0.998 (0.007)  
  s2_mmc                                   3403 1.003 (0.004)   0.984 (0.013)   0.991 (0.009)   0.996 (0.005)   1.002 (0.006)  
  sw_cumulative                           40728 1.000 (0.001)   0.987 (0.002)   0.991 (0.002)   0.990 (0.008)   0.999 (0.002)  
  s2_gp_by_gr                              8460 1.002 (0.001)   0.994 (0.002)   0.991 (0.005)   0.994 (0.001)   0.999 (0.002)  
  s2_cumulative_cauchit                    1176 1.001 (0.004)   0.998 (0.005)   0.988 (0.002)   0.995 (0.005)   0.999 (0.005)  
  sw_spline_t2                             1144 1.001 (0.002)   0.993 (0.002)   0.983 (0.002)   0.987 (0.002)   1.001 (0.002)  
  s2_t2_by                                 1854 1.001 (0.003)   0.996 (0.003)   0.978 (0.002)   0.978 (0.002)   0.998 (0.003)  
  s2_hurdle_cumulative                     3184 0.999 (0.002)   0.978 (0.001)   0.974 (0.002)   0.974 (0.001)   1.001 (0.003)  
  s2_gp_by_approx                          1266 0.998 (0.003)   0.971 (0.007)   0.971 (0.006)   0.975 (0.001)   1.000 (0.005)  
  i320_sratio_plain                       83828 0.975 (0.031)   0.979 (0.030)   0.968 (0.027)   0.990 (0.018)   0.992 (0.018)  

== control models (30)
  aa    geomean 1.0002  [0.9875, 1.0120]   median 0.9998  min 0.983  max 1.013  >1.02: 0  <0.98: 0
  off   geomean 0.9946  [0.9789, 1.0131]   median 0.9978  min 0.881  max 1.045  >1.02: 2  <0.98: 4
  self  geomean 0.9951  [0.9801, 1.0137]   median 0.9973  min 0.893  max 1.043  >1.02: 2  <0.98: 3
  mvec  geomean 0.9913  [0.9729, 1.0096]   median 0.9968  min 0.887  max 1.043  >1.02: 1  <0.98: 4
  pm    geomean 1.0014  [0.9937, 1.0145]   median 1.0001  min 0.989  max 1.022  >1.02: 1  <0.98: 0
  model                                 base ns aa              off             self            mvec            pm             
  ch12_m12_6                            2164258 0.994 (0.041)   1.041 (0.149)   1.043 (0.063)   0.925 (0.131)   1.019 (0.158)  
  sw_weights                                709 1.001 (0.000)   1.045 (0.003)   1.042 (0.001)   1.043 (0.002)   1.002 (0.001)  
  Mh_model                                38760 1.013 (0.021)   1.011 (0.013)   1.019 (0.031)   1.012 (0.004)   1.022 (0.042)  
  sw_hurdle_lognormal                      1571 0.998 (0.001)   1.018 (0.004)   1.019 (0.003)   1.017 (0.002)   1.000 (0.001)  
  nes                                     21207 1.003 (0.006)   1.002 (0.005)   1.004 (0.006)   1.004 (0.005)   1.003 (0.003)  
  cm_choco                                67555 1.002 (0.004)   1.002 (0.004)   1.004 (0.006)   0.996 (0.005)   0.989 (0.003)  
  kidscore_momhsiq                         2422 0.999 (0.002)   1.000 (0.001)   1.003 (0.002)   1.000 (0.002)   1.000 (0.002)  
  sw_vonmises                              1062 0.999 (0.003)   1.002 (0.001)   1.003 (0.001)   1.003 (0.001)   1.001 (0.003)  
  sw_mv_rescor                             6099 1.000 (0.009)   1.016 (0.008)   1.002 (0.006)   1.009 (0.006)   0.990 (0.012)  
  cm_geg                                  34235 1.001 (0.008)   1.000 (0.008)   1.002 (0.005)   1.000 (0.002)   0.998 (0.008)  
  cm_ddm                               23390047 0.999 (0.001)   1.001 (0.001)   1.002 (0.002)   1.001 (0.001)   1.001 (0.002)  
  sw_categorical                           1558 1.001 (0.004)   1.003 (0.002)   1.001 (0.005)   1.003 (0.002)   1.001 (0.002)  
  sw_negbinomial                           2496 0.993 (0.005)   0.997 (0.005)   1.000 (0.002)   0.999 (0.002)   0.999 (0.003)  
  normal_mixture                          56067 0.999 (0.001)   1.000 (0.001)   1.000 (0.001)   1.000 (0.001)   0.999 (0.001)  
  sw_zi_binomial                           3215 0.999 (0.002)   0.999 (0.003)   0.997 (0.005)   0.997 (0.002)   0.998 (0.002)  
  ch11_m11_8                                518 1.002 (0.003)   0.993 (0.032)   0.997 (0.002)   0.997 (0.020)   1.000 (0.002)  
  cm_logstudent                           19785 1.009 (0.005)   0.991 (0.005)   0.997 (0.005)   0.992 (0.005)   0.995 (0.004)  
  sw_zi_poisson                            1611 1.001 (0.003)   0.998 (0.002)   0.994 (0.007)   0.997 (0.004)   1.000 (0.002)  
  radon_pooled                            47544 0.999 (0.000)   0.994 (0.001)   0.994 (0.000)   0.994 (0.001)   1.000 (0.001)  
  ch16_m16_1                              13001 1.007 (0.025)   0.993 (0.010)   0.994 (0.022)   1.001 (0.011)   1.013 (0.024)  
  logmesquite                               927 1.000 (0.002)   0.987 (0.005)   0.991 (0.005)   0.987 (0.008)   1.000 (0.003)  
  logmesquite_logvash                       783 1.002 (0.003)   0.992 (0.007)   0.990 (0.007)   0.990 (0.008)   0.999 (0.009)  
  sw_gamma                                 1153 1.000 (0.002)   0.990 (0.001)   0.989 (0.000)   0.989 (0.001)   1.000 (0.002)  
  log10earn_height                         4459 1.000 (0.001)   0.989 (0.002)   0.989 (0.002)   0.990 (0.003)   1.000 (0.001)  
  s2_logistic_normal                      17978 0.999 (0.004)   0.991 (0.003)   0.987 (0.006)   0.992 (0.002)   1.003 (0.005)  
  s2_categorical_re                        8053 1.000 (0.008)   0.988 (0.006)   0.984 (0.015)   0.991 (0.010)   1.003 (0.020)  
  ch11_m11_10                               373 1.004 (0.002)   0.980 (0.010)   0.983 (0.007)   0.982 (0.006)   1.004 (0.005)  
  seeds_stanified_model                    1085 0.997 (0.004)   0.974 (0.002)   0.974 (0.003)   0.973 (0.003)   0.996 (0.002)  
  ch15_m15_8                               4176 0.983 (0.033)   0.972 (0.033)   0.966 (0.041)   0.979 (0.031)   1.008 (0.010)  
  ch09_m9_1                                1024 1.002 (0.005)   0.881 (0.058)   0.893 (0.012)   0.887 (0.174)   0.999 (0.012)  
